"failure" <-
c(6, 8.6, 17.8, 18, 27.5, 33.5, 50.5, 51.5, 69, 74, 74, 89, 109, 
118, 119, 138, 141, 144, 146, 150, 151, 153, 153.1, 153.2)
