"fox" <-
structure(list(berlin = c(6.05, 2.67, 5.15, 2.45, 5.92, 6.05, 
4.02, 2.52, 3.44, 3.17, 5.92, 6.62, 3, 1.14, 1.91, 2.6, 1.91, 
4.34, 4.34, 3.26, 6.19, 4.91, 4.72, 3.54, 2.74, 5.08, 2.29, 3.46, 
6.9, 3.16, 4.54, 2, 4.63), wright = c(16.3, 13.1, 16.6, 14.2, 
20.1, 13.7, 15.5, 8.3, 9.1, 13.3, 15.1, 20.6, 6.6, 3.1, 9.9, 
8.9, 6.7, 11.1, 6.3, 13.5, 18, 18.2, 17.5, 16.6, 19.8, 21.3, 
10.8, 15.8, 21.3, 11, 10.3, 6.4, 10.9)), .Names = c("berlin", 
"wright"), row.names = c("1918", "1919", "1920", "1921", "1922", 
"1923", "1924", "1925", "1926", "1927", "1928", "1929", "1930", 
"1931", "1932", "1933", "1934", "1935", "1936", "1937", "1938", 
"1939", "1940", "1941", "1942", "1943", "1944", "1945", "1946", 
"1947", "1948", "1949", "1950"), class = "data.frame")
