"lisbon" <-
c(129, 117, 100, 100, 132, 94, 108, 113, 96, 113, 96, 72, 98, 
85, 124, 108, 102, 102, 112, 107, 86, 91, 96, 89, 90, 89, 89, 
84, 107, 111)
