"lossalae" <-
structure(list(Loss = c(10, 24, 45, 51, 60, 74, 75, 78, 87, 100, 
115, 123, 133, 140, 147, 147, 165, 192, 200, 300, 308, 311, 326, 
350, 350, 400, 500, 500, 500, 500, 500, 500, 500, 500, 500, 500, 
500, 500, 500, 500, 500, 500, 500, 500, 500, 500, 500, 500, 500, 
520, 578, 600, 600, 634, 667, 700, 750, 750, 750, 750, 750, 750, 
750, 798, 800, 833, 833, 875, 900, 909, 916, 1000, 1000, 1000, 
1000, 1000, 1000, 1000, 1000, 1000, 1000, 1000, 1000, 1000, 1000, 
1000, 1000, 1000, 1000, 1000, 1000, 1000, 1000, 1000, 1000, 1000, 
1000, 1000, 1000, 1000, 1000, 1000, 1000, 1000, 1000, 1075, 1091, 
1100, 1122, 1125, 1200, 1200, 1200, 1250, 1250, 1250, 1250, 1250, 
1250, 1250, 1250, 1298, 1300, 1300, 1310, 1333, 1375, 1450, 1456, 
1500, 1500, 1500, 1500, 1500, 1500, 1500, 1500, 1500, 1500, 1500, 
1500, 1500, 1500, 1500, 1500, 1500, 1500, 1500, 1500, 1500, 1500, 
1500, 1500, 1522, 1545, 1600, 1633, 1658, 1666, 1666, 1667, 1667, 
1701, 1750, 1750, 1750, 1750, 1800, 1800, 1800, 1800, 1800, 1892, 
1913, 1937, 1947, 1974, 1980, 1993, 1994, 2000, 2000, 2000, 2000, 
2000, 2000, 2000, 2000, 2000, 2000, 2000, 2000, 2000, 2000, 2000, 
2000, 2000, 2000, 2000, 2000, 2000, 2000, 2000, 2000, 2000, 2000, 
2000, 2000, 2000, 2000, 2000, 2000, 2002, 2018, 2022, 2057, 2067, 
2070, 2100, 2125, 2180, 2250, 2250, 2250, 2303, 2312, 2325, 2400, 
2405, 2428, 2486, 2500, 2500, 2500, 2500, 2500, 2500, 2500, 2500, 
2500, 2500, 2500, 2500, 2500, 2500, 2500, 2500, 2500, 2500, 2500, 
2500, 2500, 2500, 2500, 2500, 2500, 2500, 2500, 2500, 2500, 2500, 
2500, 2500, 2500, 2500, 2500, 2500, 2500, 2500, 2500, 2500, 2500, 
2500, 2500, 2500, 2500, 2500, 2500, 2500, 2500, 2500, 2500, 2500, 
2500, 2500, 2500, 2500, 2500, 2500, 2600, 2600, 2600, 2700, 2700, 
2730, 2749, 2750, 2750, 2776, 2787, 2850, 2917, 2922, 3000, 3000, 
3000, 3000, 3000, 3000, 3000, 3000, 3000, 3000, 3000, 3000, 3000, 
3000, 3000, 3000, 3000, 3000, 3000, 3000, 3000, 3000, 3000, 3000, 
3000, 3000, 3000, 3000, 3162, 3250, 3250, 3269, 3300, 3300, 3333, 
3400, 3409, 3436, 3480, 3486, 3494, 3500, 3500, 3500, 3500, 3500, 
3500, 3500, 3500, 3500, 3500, 3500, 3500, 3500, 3500, 3500, 3600, 
3685, 3750, 3750, 3750, 3750, 3750, 3750, 3750, 3750, 3903, 3941, 
4000, 4000, 4000, 4000, 4000, 4000, 4000, 4000, 4000, 4000, 4000, 
4000, 4000, 4000, 4000, 4000, 4038, 4250, 4250, 4286, 4346, 4350, 
4465, 4500, 4500, 4500, 4500, 4500, 4500, 4500, 4500, 4535, 4568, 
4600, 4675, 4700, 4750, 4750, 4750, 4833, 5000, 5000, 5000, 5000, 
5000, 5000, 5000, 5000, 5000, 5000, 5000, 5000, 5000, 5000, 5000, 
5000, 5000, 5000, 5000, 5000, 5000, 5000, 5000, 5000, 5000, 5000, 
5000, 5000, 5000, 5000, 5000, 5000, 5000, 5000, 5000, 5000, 5000, 
5000, 5000, 5000, 5000, 5000, 5000, 5000, 5000, 5000, 5000, 5000, 
5000, 5000, 5000, 5000, 5000, 5000, 5000, 5000, 5000, 5000, 5000, 
5000, 5000, 5000, 5000, 5000, 5000, 5000, 5000, 5000, 5000, 5000, 
5000, 5000, 5003, 5010, 5097, 5115, 5250, 5390, 5400, 5500, 5500, 
5500, 5500, 5500, 5500, 5500, 5500, 5500, 5577, 5600, 5600, 5619, 
5625, 5625, 5655, 5750, 5750, 6000, 6000, 6000, 6000, 6000, 6000, 
6000, 6000, 6000, 6000, 6000, 6000, 6000, 6000, 6000, 6000, 6066, 
6075, 6240, 6403, 6406, 6441, 6500, 6500, 6500, 6500, 6500, 6500, 
6500, 6500, 6538, 6550, 6666, 6719, 6750, 6750, 6750, 6907, 7000, 
7000, 7000, 7000, 7000, 7000, 7000, 7000, 7000, 7500, 7500, 7500, 
7500, 7500, 7500, 7500, 7500, 7500, 7500, 7500, 7500, 7500, 7500, 
7500, 7500, 7500, 7500, 7500, 7500, 7500, 7500, 7500, 7500, 7500, 
7500, 7500, 7500, 7500, 7500, 7500, 7500, 7500, 7500, 7500, 7500, 
7500, 7500, 7500, 7500, 7500, 7500, 7525, 7625, 7820, 7857, 7875, 
7961, 8000, 8000, 8000, 8000, 8000, 8000, 8000, 8000, 8036, 8223, 
8250, 8330, 8333, 8333, 8333, 8333, 8366, 8500, 8500, 8500, 8500, 
8500, 8500, 8500, 8500, 8520, 8555, 8640, 8703, 8750, 8827, 8939, 
9000, 9000, 9000, 9000, 9000, 9000, 9000, 9000, 9000, 9093, 9250, 
9250, 9250, 9427, 9500, 9500, 9500, 9500, 10000, 10000, 10000, 
10000, 10000, 10000, 10000, 10000, 10000, 10000, 10000, 10000, 
10000, 10000, 10000, 10000, 10000, 10000, 10000, 10000, 10000, 
10000, 10000, 10000, 10000, 10000, 10000, 10000, 10000, 10000, 
10000, 10000, 10000, 10000, 10000, 10000, 10000, 10000, 10000, 
10000, 10000, 10000, 10000, 10000, 10000, 10000, 10000, 10000, 
10000, 10000, 10000, 10000, 10000, 10000, 10000, 10000, 10000, 
10000, 10000, 10000, 10000, 10000, 10000, 10000, 10000, 10000, 
10000, 10081, 10199, 10250, 10250, 10899, 11000, 11000, 11000, 
11000, 11000, 11000, 11000, 11000, 11000, 11000, 11097, 11120, 
11280, 11425, 11500, 11667, 11723, 11750, 11920, 12000, 12000, 
12000, 12000, 12000, 12000, 12000, 12000, 12100, 12500, 12500, 
12500, 12500, 12500, 12500, 12500, 12500, 12500, 12500, 12500, 
12500, 12500, 12500, 12500, 12500, 12500, 12500, 12500, 12500, 
12566, 12608, 12800, 12821, 12830, 12875, 12875, 13000, 13000, 
13242, 13333, 13450, 13500, 13500, 13500, 13500, 13750, 13750, 
13825, 14000, 14000, 14000, 14000, 14000, 14500, 14500, 14598, 
14721, 14750, 14875, 14983, 15000, 15000, 15000, 15000, 15000, 
15000, 15000, 15000, 15000, 15000, 15000, 15000, 15000, 15000, 
15000, 15000, 15000, 15000, 15000, 15000, 15000, 15000, 15000, 
15000, 15000, 15000, 15000, 15000, 15000, 15000, 15000, 15000, 
15000, 15000, 15000, 15000, 15000, 15000, 15000, 15000, 15000, 
15000, 15000, 15000, 15000, 15000, 15000, 15000, 15000, 15001, 
15069, 15078, 15086, 15285, 15500, 15500, 15500, 15552, 15643, 
15833, 16000, 16153, 16486, 16500, 16500, 16500, 16500, 16500, 
16500, 16500, 16666, 16667, 16667, 16667, 17258, 17327, 17350, 
17500, 17500, 17500, 17500, 17500, 17500, 17500, 17500, 17500, 
17770, 18000, 18000, 18000, 18000, 18000, 18000, 18136, 18175, 
18333, 18358, 18444, 18500, 18500, 18500, 18500, 18544, 18706, 
18706, 18750, 18750, 19000, 19000, 19000, 19375, 19500, 19500, 
19500, 19500, 19622, 19833, 20000, 20000, 20000, 20000, 20000, 
20000, 20000, 20000, 20000, 20000, 20000, 20000, 20000, 20000, 
20000, 20000, 20000, 20000, 20000, 20000, 20000, 20000, 20000, 
20000, 20000, 20000, 20000, 20000, 20000, 20000, 20000, 20000, 
20800, 20802, 20863, 21000, 21000, 21000, 21000, 21000, 21013, 
21110, 21136, 21274, 21557, 21666, 21678, 21701, 21875, 21951, 
22000, 22000, 22000, 22000, 22035, 22105, 22500, 22500, 22500, 
22500, 22500, 22500, 22500, 22500, 22500, 22500, 22500, 22940, 
22963, 23000, 23000, 23000, 23300, 23320, 23759, 24000, 24014, 
24334, 24357, 24464, 24570, 25000, 25000, 25000, 25000, 25000, 
25000, 25000, 25000, 25000, 25000, 25000, 25000, 25000, 25000, 
25000, 25000, 25000, 25000, 25000, 25000, 25000, 25000, 25000, 
25000, 25000, 25000, 25000, 25000, 25000, 25000, 25000, 25000, 
25000, 25000, 25000, 25000, 25000, 25000, 25000, 25000, 25002, 
25045, 25187, 25250, 25396, 25507, 25700, 25789, 25800, 25883, 
26000, 26000, 26075, 26250, 26250, 27000, 27000, 27300, 27500, 
27500, 27500, 27500, 28000, 28130, 28281, 28333, 28650, 28750, 
29026, 29890, 30000, 30000, 30000, 30000, 30000, 30000, 30000, 
30000, 30000, 30000, 30000, 30000, 30000, 30000, 30000, 30000, 
30000, 30000, 30000, 30000, 30000, 30000, 30001, 30064, 30750, 
30811, 31000, 31005, 31250, 31428, 31882, 32000, 32000, 32000, 
32000, 32500, 32500, 32500, 32500, 32500, 32500, 32500, 33073, 
33333, 33333, 33868, 34000, 34186, 34190, 34625, 34997, 35000, 
35000, 35000, 35000, 35000, 35000, 35000, 35000, 35000, 35000, 
35000, 35000, 35000, 35000, 35104, 36573, 37500, 37749, 37886, 
37936, 38065, 38200, 38696, 38843, 38998, 39060, 40000, 40000, 
40000, 40000, 40000, 40000, 40000, 40000, 40000, 40000, 40000, 
40052, 40461, 40500, 41000, 41807, 41845, 42000, 42500, 42717, 
43000, 43000, 43500, 43500, 44887, 45000, 45000, 45000, 45000, 
45000, 45000, 45000, 45000, 45000, 45000, 45000, 45000, 45000, 
45666, 45955, 46000, 46250, 47370, 47500, 47500, 47500, 47500, 
47500, 47500, 47500, 48000, 48349, 49050, 49412, 50000, 50000, 
