"ocmulgee" <-
structure(list(hawk = c(18.8, 5.9, 44.4, 52, 5.9, 20.1, 40.4, 
27, 14.3, 40, 45.2, 30, 44, 30.3, 15.2, 79, 19.3, 7.6, 42.4, 
70.5, 50, 12.2, 16.2, 19.9, 17.4, 13.5, 61, 25.8, 33, 37.9, 13.3, 
6.9, 57, 41.6, 46.8, 26.2, 35.4, 34.8, 28.2, 68), macon = c(28.8, 
8.5, 44.8, 51, 4.8, 19.1, 47.8, 25.4, 14.3, 31, 66.2, 37, 48.6, 
28.3, 21, 72.5, 28.3, 7.9, 47.1, 73.4, 64.4, 10.7, 19.6, 19, 
16.9, 22.7, 65.3, 33.3, 31, 33.9, 14.2, 7.3, 73.4, 44.8, 50.2, 
40.4, 57.6, 32.6, 24, 84)), .Names = c("hawk", "macon"), row.names = c("1910", 
"1911", "1912", "1913", "1914", "1915", "1916", "1917", "1918", 
"1919", "1920", "1921", "1922", "1923", "1924", "1925", "1926", 
"1927", "1928", "1929", "1930", "1931", "1932", "1933", "1934", 
"1935", "1936", "1937", "1938", "1939", "1940", "1941", "1942", 
"1943", "1944", "1945", "1946", "1947", "1948", "1949"), class = "data.frame")
