"oldage" <-
structure(list(men = c(100.88, 101.17, 104.65, 105.12, 102.57, 
101.7, 100.49, 100.9, 103.06, 102.63, 102.69, 100.82, 102.52, 
100.08, 101.67, 101.41, 101.76, 102.57, 101.63, 103.47, 105.48, 
104.01, 105.83, 105, 102.78, 102.61, 105.55, 102.55, 103.17, 
103.98, 106.09, 103.43, 105.72, 103.24, 103.25, 103.4, 101.66, 
106.48, 101.26, 105.12, 104.88, 102.41, 104.22, 102.88, 103.57, 
105.12, 103.8, 102.94, 103, 106.5, 103.36, 103.15, 102.54, 104.92, 
104.23, 103.59, 103.74, 103, 104.25, 104.12, 105.28, 104.93, 
105.27, 105.92, 101.81, 104.02), women = c(102.54, 106.13, 103.46, 
102.12, 101.69, 102.92, 102.78, 106.15, 105.02, 103.56, 106.52, 
101.5, 104.01, 105.01, 104.52, 103.94, 103.14, 104.33, 102.32, 
103.56, 103.86, 105.87, 103.31, 104.37, 102.72, 105.01, 104.4, 
104.87, 105.98, 103.38, 105.32, 103.77, 105.86, 104.27, 105.45, 
105.71, 106.15, 104.71, 103.83, 105.19, 105.03, 105.88, 107.49, 
105.83, 103.41, 105.64, 103.53, 107.9, 104.42, 104.85, 103.97, 
107.89, 104.46, 104.12, 104.77, 106.13, 107.1, 104.56, 110.07, 
106.15, 104.31, 104.98, 105.83, 106.35, 107.58, 105.42)), .Names = c("men", 
"women"), row.names = c("1905", "1906", "1907", "1908", "1909", 
"1910", "1911", "1912", "1913", "1914", "1915", "1916", "1917", 
"1918", "1919", "1920", "1921", "1922", "1923", "1924", "1925", 
"1926", "1927", "1928", "1929", "1930", "1931", "1932", "1933", 
"1934", "1935", "1936", "1937", "1938", "1939", "1940", "1941", 
"1942", "1943", "1944", "1945", "1946", "1947", "1948", "1949", 
"1950", "1951", "1952", "1953", "1954", "1955", "1956", "1957", 
"1958", "1959", "1960", "1961", "1962", "1963", "1964", "1965", 
"1966", "1967", "1968", "1969", "1970"), class = "data.frame")
