"oxford" <-
c(89, 84, 84, 85, 81, 92, 79, 84, 85, 79, 95, 87, 83, 87, 82, 
83, 89, 84, 86, 79, 89, 86, 93, 86, 85, 85, 80, 87, 87, 89, 75, 
95, 89, 86, 86, 83, 87, 84, 84, 85, 89, 88, 92, 87, 84, 84, 90, 
90, 89, 86, 82, 89, 90, 83, 87, 82, 86, 80, 91, 82, 87, 77, 81, 
87, 81, 80, 83, 89, 88, 88, 84, 77, 85, 77, 91, 94, 80, 80, 85, 
83)
