"sask" <-
c(19.885, 20.94, 21.82, 23.7, 24.888, 25.46, 25.76, 26.72, 27.5, 
28.1, 28.6, 30.2, 30.38, 31.5, 32.6, 32.68, 34.4, 35.347, 35.7, 
38.1, 39.02, 39.2, 40, 40.4, 40.4, 42.25, 44.02, 44.73, 44.9, 
46.3, 50.33, 51.442, 57.22, 58.7, 58.8, 61.2, 61.74, 65.44, 65.597, 
66, 74.1, 75.8, 84.1, 106.6, 109.7, 121.97, 121.97, 185.56)
