"sealevel" <-
structure(list(dover = c(3.52, 3.6, 3.44, 3.52, 3.7, 3.24, 3.62, 
3.29, 3.75, 3.98, 3.75, 3.34, 3.75, NA, 3.81, NA, 3.54, NA, NA, 
3.41, NA, NA, 3.41, 3.48, 3.41, NA, 3.51, 3.66, 3.44, 3.6, 3.32, 
4.3, 3.72, 3.63, 3.54, 3.63, 3.48, 4.15, 3.51, 3.6, 3.51, 4.57, 
3.66, 3.6, 3.57, 3.63, 3.81, 3.84, 3.51, 4.21, 3.72, 3.59, 3.65, 
3.92, 3.77, 4.08, 3.71, 4.01, 3.53, 3.77, 3.72, 4.06, 3.71, 3.68, 
4.13, 4, NA, 3.7, 3.9, 3.83, 3.66, 4.38, 3.58, 3.55, NA, 3.77, 
3.67, 3.69, 4.06, 3.77, 3.58), harwich = c(NA, NA, NA, NA, NA, 
NA, NA, NA, NA, NA, NA, NA, NA, NA, 2.41, 2.29, 2.62, 2.44, 2.16, 
2.59, 2.74, 2.19, 2.44, 2.35, 3.05, 2.35, 3.08, 2.62, 2.8, 2.62, 
2.47, 2.83, 3.08, 2.62, 2.35, 2.47, 2.65, 3.26, 2.44, 2.87, 2.68, 
3.99, 2.65, 2.8, 2.44, 2.56, 2.62, 2.62, 2.71, 3.26, 2.77, 2.5, 
2.56, 3.2, 2.8, 2.93, 2.74, 2.96, 2.71, 2.69, 2.59, 2.36, 2.67, 
2.7, 2.9, NA, NA, NA, NA, NA, NA, NA, NA, NA, NA, NA, NA, NA, 
NA, NA, NA)), .Names = c("dover", "harwich"), row.names = c("1", 
"2", "3", "4", "5", "6", "7", "8", "9", "10", "11", "12", "13", 
"14", "15", "16", "17", "18", "19", "20", "21", "22", "23", "24", 
"25", "26", "27", "28", "29", "30", "31", "32", "33", "34", "35", 
"36", "37", "38", "39", "40", "41", "42", "43", "44", "45", "46", 
"47", "48", "49", "50", "51", "52", "53", "54", "55", "56", "57", 
"58", "59", "60", "61", "62", "63", "64", "65", "66", "67", "68", 
"69", "70", "71", "72", "73", "74", "75", "76", "77", "78", "79", 
"80", "81"), class = "data.frame")
