"sealevel" <-
structure(list(dover = c(3.51, 3.66, 3.44, 3.6, 3.32, 4.3, 3.72, 
3.63, 3.54, 3.63, 3.48, 4.15, 3.51, 3.6, 3.51, 4.57, 3.66, 3.6, 
3.57, 3.63, 3.81, 3.84, 3.51, 4.21, 3.72, 3.59, 3.65, 3.92, 3.77, 
4.08, 3.71, 4.01, 3.53, 3.77, 3.72, 4.06, 3.71, 3.68, 4.13), 
    harwich = c(3.08, 2.62, 2.8, 2.62, 2.47, 2.83, 3.08, 2.62, 
    2.35, 2.47, 2.65, 3.26, 2.44, 2.87, 2.68, 3.99, 2.65, 2.8, 
    2.44, 2.56, 2.62, 2.62, 2.71, 3.26, 2.77, 2.5, 2.56, 3.2, 
    2.8, 2.93, 2.74, 2.96, 2.71, 2.69, 2.59, 2.36, 2.67, 2.7, 
    2.9)), .Names = c("dover", "harwich"), row.names = c("1", 
"2", "3", "4", "5", "6", "7", "8", "9", "10", "11", "12", "13", 
"14", "15", "16", "17", "18", "19", "20", "21", "22", "23", "24", 
"25", "26", "27", "28", "29", "30", "31", "32", "33", "34", "35", 
"36", "37", "38", "39"), class = "data.frame")
