"uccle" <-
structure(list(day = c(33.8, 27.7, 60, 24, 72.3, 50.7, 18.7, 
41.2, 26.6, 27.2, 23.8, 19.8, 34.3, 28.2, 51.1, 37.5, 34.3, 22.2, 
35.6, 34.2, 24.3, 20.3, 48, 32.4, 59.6, 60.4, 27, 45.8, 39.8, 
21.6, 19.7, 54.4, 29.1, 41.6, 26), hour = c(14, 12.8, 12.9, 11.9, 
20.6, 29.1, 6.2, 21.1, 11.2, 18, 15.6, 8.7, 23.8, 12.2, 29, 9.9, 
12.5, 9.6, 18.8, 12, 12, 11.6, 15.3, 19.2, 42.8, 13, 15.7, 15.4, 
14.3, 13.1, 14.9, 25.8, 17.1, 21.2, 16.3), tmin = c(6.5, 8.5, 
5, 8.4, 13.2, 11.9, 3.8, 13, 11.1, 13, 6.5, 5.7, 13.3, 12.2, 
8.4, 5, 6.9, 6.2, 8.5, 9.8, 5.5, 9.8, 9.5, 11.5, 12.7, 9, 13, 
12.2, 9.5, 11.9, 8.3, 15.3, 13.8, 7, 8.7), min = c(2.5, 1, 0.5, 
0.9, 1.5, 4.4, 1, 3, 3.3, 2, 1.8, 1, 2, 4, 2, 1, 2, 1.6, 3, 1.6, 
2, 1.2, 2, 1.5, 2.9, 3.7, 2.7, 2, 2.9, 3, 2.1, 2.3, 2.2, 1.6, 
2.8)), .Names = c("day", "hour", "tmin", "min"), row.names = c("1938", 
"1939", "1940", "1941", "1942", "1943", "1944", "1945", "1946", 
"1947", "1948", "1949", "1950", "1951", "1952", "1953", "1954", 
"1955", "1956", "1957", "1958", "1959", "1960", "1961", "1962", 
"1963", "1964", "1965", "1966", "1967", "1968", "1969", "1970", 
"1971", "1972"), class = "data.frame")
